270
1000 2
1000 1000
999 999
1000 2
1000 999
999 1000
4 2
4 4
3 3
4 2
3 4
4 3
4 2
1 1
1 4
4 2
1 1
2 2
8 2
1 1
2 2
30 2
1 1
2 2
200 2
1 1
2 2
1000 2
1 1
2 2
4 2
2 2
3 3
8 2
2 2
3 3
30 2
2 2
3 3
200 2
2 2
3 3
1000 2
2 2
3 3
4 2
1 2
2 1
8 2
1 2
2 1
30 2
1 2
2 1
200 2
1 2
2 1
1000 2
1 2
2 1
251 5
74 235
8 160
130 114
57 235
18 198
574 3
80 62
450 35
91 80
198 12
191 94
92 188
45 109
190 71
187 195
25 132
190 132
123 86
74 126
132 176
67 133
194 79
23 2
2 5
4 18
134 3
13 130
84 17
112 95
960 8
801 472
667 421
955 560
600 360
707 341
572 27
345 865
381 44
849 2
603 392
717 745
854 11
694 422
335 361
231 502
423 285
297 5
797 317
210 40
471 684
781 818
401 415
54 361
938 4
836 308
423 274
869 137
478 890
306 15
77 69
30 53
289 10
159 218
236 287
299 58
194 161
47 162
98 183
201 244
238 70
83 274
290 189
131 83
145 77
524 13
23 480
519 421
423 207
162 97
333 241
152 19
337 181
170 252
275 396
269 424
510 255
139 263
336 231
196 6
37 94
98 187
77 100
76 152
94 73
88 23
656 11
653 62
435 354
645 17
538 18
8 619
600 499
25 515
85 577
296 94
130 153
640 119
531 7
397 88
495 383
459 176
434 13
8 436
162 39
88 124
826 10
560 314
594 660
311 690
303 82
681 754
817 675
370 82
323 235
169 644
267 96
257 8
113 124
113 224
246 91
42 105
180 240
139 55
43 35
68 133
853 10
794 156
508 119
486 687
631 685
825 688
1 752
196 658
610 461
274 358
464 819
903 9
680 867
549 368
271 573
639 881
783 900
614 522
256 853
166 902
656 544
586 10
29 235
266 345
6 398
455 232
123 310
36 94
439 522
427 478
143 391
347 246
733 11
567 269
26 441
88 652
353 226
431 463
543 316
112 636
141 684
234 388
628 105
229 510
250 8
21 132
94 41
161 223
149 26
134 66
49 9
92 69
84 129
907 13
609 765
460 663
87 8
414 675
217 397
746 409
343 633
577 836
728 33
489 823
112 823
551 214
460 293
964 13
431 104
562 781
42 311
670 718
105 690
865 575
141 715
591 259
908 664
231 367
873 154
542 443
439 875
276 9
119 153
205 81
17 230
181 26
164 175
215 225
32 80
67 240
62 17
269 9
120 51
80 238
238 164
83 159
123 250
170 179
20 12
225 104
202 133
986 6
943 190
908 80
839 248
553 620
520 620
57 517
975 1
53 697
860 3
601 480
4 552
645 333
607 10
135 306
309 326
371 119
433 563
35 607
247 483
572 219
334 144
91 101
461 260
668 7
459 269
506 114
188 70
662 108
595 124
501 107
133 339
21 14
17 6
17 4
6 6
6 12
6 21
10 7
14 18
16 19
9 12
9 3
3 15
10 4
12 5
16 16
360 15
337 82
79 192
1 292
30 229
184 17
24 208
138 247
76 336
332 312
316 122
76 96
278 310
319 113
229 260
348 297
226 12
35 77
52 173
112 127
2 68
102 33
209 39
106 117
58 203
2 55
123 147
123 12
135 135
207 3
87 176
156 55
45 46
248 1
56 5
221 7
109 97
50 42
140 115
154 141
132 127
62 1
45 203
787 12
438 383
295 702
428 227
418 430
665 528
47 241
464 442
519 612
68 3
470 67
114 754
310 329
680 9
470 358
575 585
346 632
419 431
510 631
263 453
569 20
332 147
575 319
61 9
35 54
36 53
15 6
31 31
55 32
35 27
59 36
45 1
20 56
667 6
105 216
328 28
457 446
667 386
375 605
400 559
495 10
292 414
230 77
132 4
10 405
259 73
63 404
433 248
123 347
361 411
125 25
127 7
58 81
65 107
34 59
34 114
58 54
100 16
5 101
7 8
3 1
7 6
3 3
2 6
6 1
4 5
7 5
4 6
512 16
295 225
311 181
74 448
363 175
173 382
214 167
268 348
23 378
366 204
390 198
124 248
184 392
12 287
251 444
256 135
411 38
146 2
109 72
83 115
241 13
203 204
186 111
109 112
15 208
81 78
54 77
148 116
121 106
76 120
82 40
69 175
99 221
236 215
165 6
66 127
62 25
23 97
160 106
140 161
55 10
125 9
110 13
17 91
38 124
49 16
74 29
42 91
104 47
41 36
125 78
431 2
307 111
293 64
88 3
73 5
59 75
5 75
25 5
3 2
22 8
21 12
2 5
3 3
7 15
3 7
3 6
2 4
1 1
5 5
6 5
2 3
7 4
5 2
7 5
1 5
2 5
4 4
5 4
2 7
62 4
58 57
18 54
37 49
49 36
71 12
45 32
68 65
60 57
63 34
50 49
20 59
58 13
30 6
31 24
44 38
11 58
67 66
53 14
50 41
4 28
8 22
25 27
53 26
6 10
21 47
5 31
51 26
9 18
29 40
19 49
22 22
32 31
69 11
17 68
1 56
19 31
7 35
58 28
50 63
33 13
57 52
12 55
30 57
50 34
96 3
24 63
41 18
63 74
31 13
4 13
3 6
18 17
9 2
29 17
31 3
4 8
20 10
1 3
7 2
20 17
3 25
12 13
13 2
7 2
6 4
55 6
51 46
14 42
8 26
48 48
54 16
52 39
97 12
17 14
3 34
44 35
70 94
59 35
17 25
55 23
96 14
52 39
49 15
52 9
33 5
54 15
39 8
17 41
53 44
43 42
35 47
26 10
34 27
10 8
6 26
13 19
22 51
6 39
16 22
29 2
49 23
39 14
31 3
17 35
29 3
11 15
37 8
37 39
25 5
26 22
9 33
29 10
6 23
19 19
24 8
24 28
37 10
32 21
7 23
34 5
30 10
24 12
20 37
12 35
28 9
6 6
5 20
9 9
1 4
7 7
8 7
1 6
4 8
5 9
7 6
4 9
7 1
34 9
27 2
2 7
30 27
34 9
12 15
18 20
16 21
10 12
13 25
45 16
14 35
24 9
38 45
16 44
28 2
45 18
34 1
7 18
9 12
8 19
36 2
35 28
37 31
16 6
8 36
3 28
44 15
7 7
4 6
31 19
39 31
40 30
17 23
8 22
36 26
5 20
14 44
25 12
33 31
44 15
6 11
34 39
36 13
9 20
30 20
14 17
18 5
26 6
28 5
32 27
34 28
6 11
3 30
22 16
4 29
26 14
78 4
46 16
28 10
15 51
29 51
92 13
49 42
90 28
78 37
59 16
13 8
26 51
26 24
2 17
48 40
74 87
75 33
10 66
17 28
81 15
38 59
16 1
59 70
17 71
10 58
80 21
13 43
42 78
37 68
18 76
48 17
15 71
22 61
26 63
30 35
87 3
57 24
39 29
3 41
6 11
6 1
5 1
3 4
3 3
3 6
1 3
6 2
6 4
2 1
3 2
5 3
61 4
13 15
23 34
26 23
12 1
9 11
3 8
7 1
9 8
4 3
3 9
1 8
1 3
5 1
5 3
4 4
5 7
15 16
5 3
5 9
15 13
8 6
9 6
6 12
3 13
5 12
6 8
6 5
15 4
13 9
14 11
9 8
12 8
10 8
38 11
17 8
5 27
32 2
10 19
21 3
31 7
11 14
34 1
22 30
29 24
29 18
45 11
30 20
40 24
19 11
30 11
34 3
17 32
29 37
19 36
35 33
24 22
22 34
33 6
27 21
11 23
20 19
28 13
3 19
8 18
94 2
59 91
5 80
88 1
23 40
89 7
34 84
63 71
87 53
6 64
21 3
69 10
13 6
95 11
10 23
44 6
26 94
41 71
38 9
58 68
77 34
77 48
55 34
8 56
92 34
77 3
64 54
36 39
31 2
58 7
40 58
12 32
43 27
30 21
32 39
24 4
43 45
99 4
56 27
25 67
76 39
57 62
67 3
67 2
33 35
29 47
37 13
9 25
17 15
24 22
26 19
30 2
10 1
13 25
30 24
26 34
16 10
3 2
22 2
29 15
38 8
29 4
13 28
21 36
7 26
3 21
8 17
21 34
11 34
95 13
53 33
56 74
32 14
51 72
85 16
77 95
39 70
81 59
8 3
73 11
83 18
88 14
70 90
23 10
17 21
10 18
23 15
22 21
9 4
4 4
1 2
2 18
19 6
21 3
40 6
19 11
11 2
16 32
33 19
1 1
2 30
98 8
66 65
51 18
9 58
24 48
70 10
39 28
47 71
22 45
9 2
4 6
5 8
74 11
13 65
68 40
37 66
5 52
2 32
61 4
19 14
28 52
19 2
1 38
54 6
39 12
21 32
5 37
16 29
11 10
20 11
5 7
39 18
3 34
32 1
32 14
25 5
15 39
63 7
26 41
18 45
37 24
49 48
62 4
23 39
26 19
73 8
42 18
64 66
55 56
72 5
11 48
35 26
25 27
60 7
75 7
36 55
59 13
46 27
29 75
35 48
24 30
61 62
13 4
9 7
12 13
2 5
5 8
14 6
10 7
7 13
11 13
14 2
11 1
2 12
6 6
6 1
4 6
6 4
1 6
2 3
1 2
13 1
12 6
14 7
11 9
8 10
8 3
10 9
14 10
12 3
6 10
17 1
2 17
13 7
11 12
5 12
9 3
8 9
10 2
8 10
4 5
14 1
9 5
8 2
4 7
5 4
17 2
15 13
14 13
7 2
4 1
2 3
7 8
1 3
2 7
2 5
6 4
7 1
1 4
6 5
1 5
13 3
9 1
1 5
7 7
5 7
3 4
3 1
3 2
3 3
4 1
5 5
4 5
16 6
15 2
3 9
4 9
6 3
9 16
6 11
17 7
11 13
4 13
5 13
4 10
5 8
16 14
8 5
4 3
4 4
4 2
2 1
13 2
5 7
5 3
8 8
6 7
4 5
7 1
4 2
1 8
3 6
2 3
8 1
5 4
2 2
3 2
4 4
5 1
14 8
6 3
3 14
2 2
10 6
6 1
9 2
9 11
7 12
13 7
1 5
13 13
2 4
4 7
12 1
6 12
3 6
11 1
2 3
5 6
2 1
3 2
5 1
2 2
3 5
2 4
17 2
12 17
10 11
12 3
2 8
8 4
2 3
8 2
7 6
1 8
4 4
2 3
2 4
2 2
4 4
10 5
8 7
7 8
2 2
5 7
1 1
14 3
10 7
1 2
8 3
10 6
8 6
9 4
8 4
5 5
7 10
8 3
11 5
5 5
11 10
5 3
3 7
2 4
14 4
13 7
2 3
11 8
2 14
18 8
4 16
17 10
14 11
5 1
1 4
13 2
8 1
12 5
18 4
10 4
11 11
2 7
10 15
11 7
10 7
7 6
4 1
10 3
1 4
5 6
5 4
17 6
8 6
7 17
15 16
4 1
7 4
17 17
7 6
5 6
3 5
2 1
7 3
4 6
1 7
11 1
11 11
17 3
2 11
1 8
10 4
8 5
7 4
7 2
1 8
1 7
5 7
15 3
9 3
4 9
7 3
12 8
10 7
10 10
3 2
12 12
1 8
8 8
7 11
9 8
17 5
17 12
6 1
5 8
5 16
7 9
10 5
8 9
3 4
2 4
3 5
9 7
19 1
13 12
10 1
6 2
16 3
13 8
11 9
4 10
9 8
2 5
2 2
9 9
3 8
3 2
6 3
1 8
5 6
18 3
3 14
14 2
14 4
9 7
2 2
2 8
1 3
9 2
9 3
7 8
9 4
14 2
11 2
1 10
13 1
7 2
14 2
14 13
6 14
4 6
4 4
1 3
3 3
4 2
1 4
4 1
4 2
2 3
3 1
15 4
5 15
2 5
1 13
12 4
18 6
1 14
17 5
17 1
15 12
2 3
9 17
10 3
2 9
1 6
7 9
13 1
3 1
15 8
15 15
5 6
10 2
11 12
13 7
13 9
9 3
4 12
7 2
4 2
7 1
16 2
5 6
11 4
15 6
12 4
6 8
9 7
9 11
3 13
7 9
4 1
1 4
13 1
2 10
17 6
2 2
16 13
9 17
4 8
7 14
7 16
18 3
12 15
14 14
7 5
6 1
3 1
15 2
15 10
9 13
14 2
14 13
6 5
14 4
13 8
8 7
2 14
13 9
8 8
6 5
8 8
5 8
3 8
2 6
4 6
6 6
7 7
6 7
4 3
2 2
5 6
4 4
5 4
2 3
6 3
14 1
11 13
4 5
2 2
3 3
3 2
1 1
4 2
17 5
17 14
6 6
13 14
2 11
8 14
9 8
7 1
6 9
1 2
9 5
3 9
4 1
4 9
7 8
4 1
1 2
19 5
16 18
4 18
3 11
7 8
8 11
17 4
8 7
10 11
16 13
13 9
8 2
7 8
6 8
11 6
8 9
1 10
2 7
1 8
1 7
11 2
15 7
4 5
6 2
12 15
8 14
6 6
9 13
8 8
5 5
1 4
1 1
5 3
2 4
5 2
6 3
3 2
6 5
5 4
18 8
13 12
18 16
16 10
12 7
5 16
14 4
2 5
13 2
8 5
6 5
5 1
8 7
2 3
7 6
11 5
10 7
6 6
4 1
6 5
11 7
17 3
12 1
17 7
7 9
19 2
8 10
5 16
6 3
1 1
5 5
4 4
8 7
4 4
2 3
4 7
1 1
1 3
4 8
6 8
14 5
8 8
2 11
11 12
6 11
13 12
4 8
3 1
2 2
4 3
1 4
4 2
3 3
4 4
2 4
8 7
1 7
4 1
6 6
6 3
3 5
2 3
8 6
13 3
3 10
10 7
8 9
8 6
6 5
1 8
4 5
6 4
3 2
5 8
10 2
6 4
4 5
15 5
6 15
1 1
10 15
9 11
3 4
6 3
3 4
2 1
1 3
5 1
2 5
7 2
3 1
1 1
6 1
6 2
4 2
1 4
1 1
7 1
5 3
4 1
1 1
6 3
5 3
1 3
6 1
4 3
4 1
4 2
3 1
4 3
3 1
3 4
1 2
7 1
7 3
7 1
4 1
6 2
4 3
1 1
6 3
1 3
6 4
6 1
6 3
3 3
5 5
6 2
6 3
2 6
1 1
1 6
6 2
2 4
6 1
6 3
4 3
2 3
5 2
6 2
2 4
1 6
5 2
4 1
3 2
4 1
3 2
6 2
2 6
3 5
5 3
5 5
5 3
5 4
6 3
5 6
3 4
4 5
5 2
5 3
1 1
4 3
4 3
3 3
2 2
4 3
4 4
1 1
2 2
6 3
4 5
2 1
3 6
4 1
4 4
7 2
2 1
1 2
5 1
1 2
4 3
2 1
1 2
4 4
7 2
4 7
1 5
6 3
3 3
5 2
4 2
6 1
2 2
4 2
2 1
2 3
4 2
1 2
4 4
4 3
2 4
4 2
1 3
6 3
1 1
4 4
3 2
6 1
2 3
4 2
4 2
2 4
6 3
3 2
5 5
6 2
6 3
6 6
2 6
4 4
6 3
5 5
2 4
2 2
6 3
1 4
6 5
3 3
4 1
3 1
5 2
4 5
3 3
4 1
3 1
4 3
4 3
2 3
3 1
5 1
5 1
